 1 2 323.85 187.82 267.83 0.5 -1
 2 2 323.85 186.82 267.83 0.5 1
 3 2 325.84 183.84 260.23 0.5 2
 4 2 347.7 175.89 256.43 0.5 3
 5 2 354.66 175.89 248.83 0.5 4
 6 2 355.66 175.89 245.03 0.5 5
 7 2 360.63 176.88 245.03 0.5 6
 8 2 364.6 178.87 241.23 0.5 7
 9 2 370.57 181.85 252.63 0.5 8
 10 2 374.54 179.87 256.43 0.5 9
 11 2 375.53 177.88 256.43 0.5 10
 12 2 391.44 177.88 229.84 0.5 11
 13 2 390.44 182.85 222.24 0.5 12
 14 2 390.44 179.87 218.44 0.5 13
 15 2 392.43 178.87 214.64 0.5 14
 16 2 396.41 180.86 214.64 0.5 15
 17 2 394.42 184.84 218.44 0.5 16
 18 2 389.45 185.83 218.44 0.5 17
 19 2 381.5 188.81 210.84 0.5 18
 20 2 384.48 194.77 199.44 0.5 19
 21 2 381.5 205.71 203.24 0.5 20
 22 2 380.5 214.65 188.05 0.5 21
 23 2 385.47 220.61 184.25 0.5 22
 24 2 388.46 224.59 180.45 0.5 23
 25 2 388.46 245.46 191.85 0.5 24
 26 2 389.45 246.45 191.85 0.5 25
 27 2 390.44 260.37 191.85 0.5 26
 28 2 391.44 261.36 184.25 0.5 27
 29 2 391.44 260.37 180.45 0.5 28
 30 2 395.41 259.37 180.45 0.5 29
 31 2 395.41 255.4 184.25 0.5 30
 32 2 398.4 246.45 188.05 0.5 31
 33 2 399.39 239.5 184.25 0.5 32
 34 2 408.33 221.61 172.85 0.5 33
 35 2 408.33 218.63 172.85 0.5 34
 36 2 406.35 217.63 176.65 0.5 35
 37 2 412.31 216.64 180.45 0.5 36
 38 2 412.31 211.67 165.25 0.5 37
 39 2 414.3 201.73 169.05 0.5 38
 40 2 417.28 201.73 172.85 0.5 39
 41 2 430.2 193.78 176.65 0.5 40
 42 2 434.18 194.77 184.25 0.5 41
 43 2 432.19 190.8 184.25 0.5 42
 44 2 430.2 190.8 188.05 0.5 43
 45 2 433.18 191.79 203.24 0.5 44
 46 2 432.19 194.77 195.65 0.5 45
 47 2 430.2 198.75 199.44 0.5 46
 48 2 439.15 206.7 199.44 0.5 47
 49 2 447.1 207.69 195.65 0.5 48
 50 2 453.06 214.65 195.65 0.5 49
 51 2 446.1 237.51 191.85 0.5 50
 52 2 448.09 243.47 191.85 0.5 51
 53 2 446.1 246.45 195.65 0.5 52
 54 2 434.18 209.68 180.45 0.5 49
 55 2 426.23 210.67 180.45 0.5 54
 56 2 423.24 211.67 180.45 0.5 55
 57 2 414.3 186.82 199.44 0.5 47
 58 2 407.34 185.83 199.44 0.5 57
 59 2 406.35 184.84 188.05 0.5 58
 60 2 409.33 176.88 184.25 0.5 59
 61 2 412.31 171.92 188.05 0.5 60
 62 2 414.3 170.92 184.25 0.5 61
 63 2 412.31 169.93 184.25 0.5 62
 64 2 411.32 171.92 191.85 0.5 63
 65 2 416.29 167.94 195.65 0.5 64
 66 2 413.3 160.98 203.24 0.5 65
 67 2 412.31 159 199.44 0.5 66
 68 2 411.32 159 199.44 0.5 67
 69 2 407.34 183.84 199.44 0.5 58
 70 2 397.4 180.86 199.44 0.5 69
 71 2 422.25 194.77 165.25 0.5 39
 72 2 430.2 178.87 176.65 0.5 71
 73 2 434.18 176.88 176.65 0.5 72
 74 2 436.17 174.9 180.45 0.5 73
 75 2 437.16 174.9 191.85 0.5 74
 76 2 438.15 171.92 191.85 0.5 75
 77 2 439.15 170.92 199.44 0.5 76
 78 2 436.17 168.93 203.24 0.5 77
 79 2 432.19 166.95 195.65 0.5 78
 80 2 433.18 166.95 191.85 0.5 79
 81 2 433.18 164.96 188.05 0.5 80
 82 2 433.18 164.96 184.25 0.5 81
 83 2 405.35 214.65 176.65 0.5 36
 84 2 401.38 212.66 176.65 0.5 83
 85 2 400.38 201.73 176.65 0.5 84
 86 2 400.38 201.73 180.45 0.5 85
 87 2 404.36 196.76 180.45 0.5 86
 88 2 412.31 194.77 184.25 0.5 87
 89 2 410.32 194.77 191.85 0.5 88
 90 2 403.37 189.8 195.65 0.5 89
 91 2 389.45 267.32 188.05 0.5 28
 92 2 385.47 274.28 184.25 0.5 91
 93 2 384.48 282.23 180.45 0.5 92
 94 2 377.52 298.13 176.65 0.5 93
 95 2 368.58 306.08 169.05 0.5 94
 96 2 338.76 315.03 150.06 0.5 95
 97 2 334.78 317.01 138.66 0.5 96
 98 2 327.83 314.03 131.06 0.5 97
 99 2 325.84 310.06 119.66 0.5 98
 100 2 324.84 306.08 115.87 0.5 99
 101 2 311.92 291.17 119.66 0.5 100
 102 2 304.97 277.26 112.07 0.5 101
 103 2 305.96 274.28 108.27 0.5 102
 104 2 305.96 275.27 96.87 0.5 103
 105 2 302.98 274.28 96.87 0.5 104
 106 2 303.97 271.3 96.87 0.5 105
 107 2 388.46 285.21 184.25 0.5 93
 108 2 393.43 286.2 180.45 0.5 107
 109 2 396.41 292.17 176.65 0.5 108
 110 2 393.43 290.18 176.65 0.5 109
 111 2 383.49 246.45 188.05 0.5 25
 112 2 382.49 246.45 199.44 0.5 111
 113 2 385.47 222.6 203.24 0.5 112
 114 2 368.58 184.84 267.83 0.5 10
 115 2 367.58 186.82 271.63 0.5 114
 116 2 366.59 185.83 283.02 0.5 115
 117 2 365.6 185.83 283.02 0.5 116
 118 2 361.62 180.86 237.43 0.5 8
 119 2 367.58 185.83 229.84 0.5 118
 120 2 370.57 186.82 226.04 0.5 119
 121 2 356.65 176.88 252.63 0.5 5
 122 2 357.64 176.88 260.23 0.5 121
 123 2 360.63 174.9 264.03 0.5 122
 124 2 351.68 180.86 286.82 0.5 123
 125 2 350.69 182.85 286.82 0.5 124
